# === Skript's variable storage ===
# Please do not modify this file manually!
#
# version: 2.9.0

9a887d64-af45-4c7b-8072-e7a9c63be1f5.wanttostart, boolean, 00
arrows, long, 0000000000000003
bleue::1, offlineplayer, 810475756964800455554944820C6C6561737453696742697473048072E7A9C63BE1F50B6D6F737453696742697473049A887D64AF454C7B
cac0f0a1-63b5-4500-9652-7f6e75741dc9.wanttostart, boolean, 00
death::9a887d64-af45-4c7b-8072-e7a9c63be1f5, long, 0000000000000000
game, boolean, 00
"gator3000 and gator__.alive", boolean, 01
"gator3000 and nilsdesrev.alive", boolean, 01
"gator3000 and weqof.alive", boolean, 01
gator3000.alive, boolean, 01
gator3000.money, long, 0000000000000002
gator__.alive, boolean, 01
gator__.money, long, 0000000000000032
kills::9a887d64-af45-4c7b-8072-e7a9c63be1f5, long, 0000000000000000
minijeu::9a887d64-af45-4c7b-8072-e7a9c63be1f5.alive, boolean, 00
minijeu::9a887d64-af45-4c7b-8072-e7a9c63be1f5.buldog, boolean, 01
minijeu::9a887d64-af45-4c7b-8072-e7a9c63be1f5.bulldog.aiming, boolean, 00
minijeu::9a887d64-af45-4c7b-8072-e7a9c63be1f5.bulldog.bullets, long, 0000000000000018
minijeu::9a887d64-af45-4c7b-8072-e7a9c63be1f5.bulldog.cooldown, boolean, 01
minijeu::9a887d64-af45-4c7b-8072-e7a9c63be1f5.bulldog.reloading, boolean, 00
minijeu::9a887d64-af45-4c7b-8072-e7a9c63be1f5.classic, boolean, 01
minijeu::9a887d64-af45-4c7b-8072-e7a9c63be1f5.ghost.bullets, long, 000000000000000F
minijeu::9a887d64-af45-4c7b-8072-e7a9c63be1f5.ghost.cooldown, boolean, 01
minijeu::9a887d64-af45-4c7b-8072-e7a9c63be1f5.ghost.reloading, boolean, 00
minijeu::9a887d64-af45-4c7b-8072-e7a9c63be1f5.kills.round.1, long, 0000000000000021
minijeu::9a887d64-af45-4c7b-8072-e7a9c63be1f5.kills.round.2, long, 0000000000000000
minijeu::9a887d64-af45-4c7b-8072-e7a9c63be1f5.kills.round.3, long, 0000000000000000
minijeu::9a887d64-af45-4c7b-8072-e7a9c63be1f5.kills.round.4, long, 0000000000000001
minijeu::9a887d64-af45-4c7b-8072-e7a9c63be1f5.kills.round.5, long, 0000000000000002
minijeu::9a887d64-af45-4c7b-8072-e7a9c63be1f5.kills.round.6, long, 0000000000000003
minijeu::9a887d64-af45-4c7b-8072-e7a9c63be1f5.kills.round.7, long, 0000000000000001
minijeu::9a887d64-af45-4c7b-8072-e7a9c63be1f5.kills.round.8, long, 0000000000000005
minijeu::9a887d64-af45-4c7b-8072-e7a9c63be1f5.kills.round.9, long, 0000000000000001
minijeu::9a887d64-af45-4c7b-8072-e7a9c63be1f5.kills.round.10, long, 0000000000000006
minijeu::9a887d64-af45-4c7b-8072-e7a9c63be1f5.kills.round.11, long, 0000000000000004
minijeu::9a887d64-af45-4c7b-8072-e7a9c63be1f5.kills.round.12, long, 0000000000000004
minijeu::9a887d64-af45-4c7b-8072-e7a9c63be1f5.kills.round.13, long, 0000000000000004
minijeu::9a887d64-af45-4c7b-8072-e7a9c63be1f5.kills.round.14, long, 0000000000000004
minijeu::9a887d64-af45-4c7b-8072-e7a9c63be1f5.kills.round.15, long, 0000000000000001
minijeu::9a887d64-af45-4c7b-8072-e7a9c63be1f5.kills.round.16, long, 0000000000000004
minijeu::9a887d64-af45-4c7b-8072-e7a9c63be1f5.kills.round.17, long, 0000000000000001
minijeu::9a887d64-af45-4c7b-8072-e7a9c63be1f5.kills.round.18, long, 0000000000000003
minijeu::9a887d64-af45-4c7b-8072-e7a9c63be1f5.kills.round.19, long, 0000000000000003
minijeu::9a887d64-af45-4c7b-8072-e7a9c63be1f5.kills.round.20, long, 0000000000000002
minijeu::9a887d64-af45-4c7b-8072-e7a9c63be1f5.kills.round.21, long, 0000000000000004
minijeu::9a887d64-af45-4c7b-8072-e7a9c63be1f5.kills.round.22, long, 0000000000000002
minijeu::9a887d64-af45-4c7b-8072-e7a9c63be1f5.kills.round.23, long, 0000000000000001
minijeu::9a887d64-af45-4c7b-8072-e7a9c63be1f5.kills.round.24, long, 0000000000000002
minijeu::9a887d64-af45-4c7b-8072-e7a9c63be1f5.kills.round.25, long, 0000000000000001
minijeu::9a887d64-af45-4c7b-8072-e7a9c63be1f5.kills.round.26, long, 0000000000000001
minijeu::9a887d64-af45-4c7b-8072-e7a9c63be1f5.kills.round.27, long, 0000000000000000
minijeu::9a887d64-af45-4c7b-8072-e7a9c63be1f5.kills.round.29, long, 0000000000000002
minijeu::9a887d64-af45-4c7b-8072-e7a9c63be1f5.kills.round.30, long, 0000000000000001
minijeu::9a887d64-af45-4c7b-8072-e7a9c63be1f5.kills.round.31, long, 0000000000000002
minijeu::9a887d64-af45-4c7b-8072-e7a9c63be1f5.kills.round.32, long, 0000000000000001
minijeu::9a887d64-af45-4c7b-8072-e7a9c63be1f5.kills.round.33, long, 0000000000000001
minijeu::9a887d64-af45-4c7b-8072-e7a9c63be1f5.kills.round.34, long, 0000000000000002
minijeu::9a887d64-af45-4c7b-8072-e7a9c63be1f5.kills.round.35, long, 0000000000000003
minijeu::9a887d64-af45-4c7b-8072-e7a9c63be1f5.kills.round.36, long, 0000000000000002
minijeu::9a887d64-af45-4c7b-8072-e7a9c63be1f5.kills.round.37, long, 0000000000000002
minijeu::9a887d64-af45-4c7b-8072-e7a9c63be1f5.kills.round.38, long, 0000000000000002
minijeu::9a887d64-af45-4c7b-8072-e7a9c63be1f5.kills.round.39, long, 0000000000000002
minijeu::9a887d64-af45-4c7b-8072-e7a9c63be1f5.kills.round.40, long, 0000000000000003
minijeu::9a887d64-af45-4c7b-8072-e7a9c63be1f5.kills.round.41, long, 0000000000000001
minijeu::9a887d64-af45-4c7b-8072-e7a9c63be1f5.kills.round.42, long, 0000000000000004
minijeu::9a887d64-af45-4c7b-8072-e7a9c63be1f5.kills.round.43, long, 0000000000000003
minijeu::9a887d64-af45-4c7b-8072-e7a9c63be1f5.kills.round.44, long, 0000000000000001
minijeu::9a887d64-af45-4c7b-8072-e7a9c63be1f5.kills.round.45, long, 0000000000000003
minijeu::9a887d64-af45-4c7b-8072-e7a9c63be1f5.kills.round.46, long, 0000000000000001
minijeu::9a887d64-af45-4c7b-8072-e7a9c63be1f5.kills.round.48, long, 0000000000000001
minijeu::9a887d64-af45-4c7b-8072-e7a9c63be1f5.kills.round.49, long, 0000000000000003
minijeu::9a887d64-af45-4c7b-8072-e7a9c63be1f5.kills.round.51, long, 0000000000000001
minijeu::9a887d64-af45-4c7b-8072-e7a9c63be1f5.kills.round.52, long, 0000000000000003
minijeu::9a887d64-af45-4c7b-8072-e7a9c63be1f5.kills.round.53, long, 0000000000000002
minijeu::9a887d64-af45-4c7b-8072-e7a9c63be1f5.kills.round.54, long, 0000000000000001
minijeu::9a887d64-af45-4c7b-8072-e7a9c63be1f5.kills.round.55, long, 0000000000000001
minijeu::9a887d64-af45-4c7b-8072-e7a9c63be1f5.kills.round.58, long, 0000000000000002
minijeu::9a887d64-af45-4c7b-8072-e7a9c63be1f5.kills.round.59, long, 0000000000000002
minijeu::9a887d64-af45-4c7b-8072-e7a9c63be1f5.kills.round.60, long, 0000000000000002
minijeu::9a887d64-af45-4c7b-8072-e7a9c63be1f5.kills.round.61, long, 0000000000000002
minijeu::9a887d64-af45-4c7b-8072-e7a9c63be1f5.kills.round.62, long, 0000000000000001
minijeu::9a887d64-af45-4c7b-8072-e7a9c63be1f5.kills.round.63, long, 0000000000000002
minijeu::9a887d64-af45-4c7b-8072-e7a9c63be1f5.kills.round.64, long, 0000000000000001
minijeu::9a887d64-af45-4c7b-8072-e7a9c63be1f5.kills.round.68, long, 0000000000000001
minijeu::9a887d64-af45-4c7b-8072-e7a9c63be1f5.kills.round.69, long, 0000000000000001
minijeu::9a887d64-af45-4c7b-8072-e7a9c63be1f5.kills.round.75, long, 0000000000000001
minijeu::9a887d64-af45-4c7b-8072-e7a9c63be1f5.kills.round.77, long, 0000000000000001
minijeu::9a887d64-af45-4c7b-8072-e7a9c63be1f5.kills.round.79, long, 0000000000000001
minijeu::9a887d64-af45-4c7b-8072-e7a9c63be1f5.kills.round.82, long, 0000000000000001
minijeu::9a887d64-af45-4c7b-8072-e7a9c63be1f5.kills.round.86, long, 0000000000000001
minijeu::9a887d64-af45-4c7b-8072-e7a9c63be1f5.kills.round.87, long, 0000000000000001
minijeu::9a887d64-af45-4c7b-8072-e7a9c63be1f5.kills.round.88, long, 0000000000000001
minijeu::9a887d64-af45-4c7b-8072-e7a9c63be1f5.kills.round.90, long, 0000000000000001
minijeu::9a887d64-af45-4c7b-8072-e7a9c63be1f5.kills.round.92, long, 0000000000000001
minijeu::9a887d64-af45-4c7b-8072-e7a9c63be1f5.kills.round.93, long, 0000000000000001
minijeu::9a887d64-af45-4c7b-8072-e7a9c63be1f5.kills.round.94, long, 0000000000000001
minijeu::9a887d64-af45-4c7b-8072-e7a9c63be1f5.kills.round.96, long, 0000000000000001
minijeu::9a887d64-af45-4c7b-8072-e7a9c63be1f5.kills.round.97, long, 0000000000000001
minijeu::9a887d64-af45-4c7b-8072-e7a9c63be1f5.kills.round.98, long, 0000000000000001
minijeu::9a887d64-af45-4c7b-8072-e7a9c63be1f5.kills.round.104, long, 0000000000000000
minijeu::9a887d64-af45-4c7b-8072-e7a9c63be1f5.kills.round.105, long, 0000000000000001
minijeu::9a887d64-af45-4c7b-8072-e7a9c63be1f5.kills.round.108, long, 0000000000000001
minijeu::9a887d64-af45-4c7b-8072-e7a9c63be1f5.kills.round.110, long, 0000000000000001
minijeu::9a887d64-af45-4c7b-8072-e7a9c63be1f5.kills.round.111, long, 0000000000000001
minijeu::9a887d64-af45-4c7b-8072-e7a9c63be1f5.kills.round.112, long, 0000000000000001
minijeu::9a887d64-af45-4c7b-8072-e7a9c63be1f5.kills.round.115, long, 0000000000000000
minijeu::9a887d64-af45-4c7b-8072-e7a9c63be1f5.kills.round.117, long, 0000000000000000
minijeu::9a887d64-af45-4c7b-8072-e7a9c63be1f5.kills.round.122, long, 0000000000000001
minijeu::9a887d64-af45-4c7b-8072-e7a9c63be1f5.kills.round.123, long, 0000000000000001
minijeu::9a887d64-af45-4c7b-8072-e7a9c63be1f5.kills.round.125, long, 0000000000000001
minijeu::9a887d64-af45-4c7b-8072-e7a9c63be1f5.kills.round.126, long, 0000000000000005
minijeu::9a887d64-af45-4c7b-8072-e7a9c63be1f5.kills.total, long, 000000000000001F
minijeu::9a887d64-af45-4c7b-8072-e7a9c63be1f5.mainitem, itemstack, 810576616C75652081AD76616C75653A0A20203D3D3A206F72672E62756B6B69742E696E76656E746F72792E4974656D537461636B0A2020763A20333333370A2020747970653A205449505045445F4152524F570A20206D6574613A0A202020203D3D3A204974656D4D6574610A202020206D6574612D747970653A20504F54494F4E0A20202020646973706C61792D6E616D653A20275B22222C7B2274657874223A2242756C6C646F67222C226974616C6963223A66616C73652C22626F6C64223A747275652C22636F6C6F72223A226461726B5F726564227D5D270A202020206C6F72653A0A202020202D20275B22222C7B2274657874223A2244616D616765203A2034207076222C226974616C6963223A66616C73652C22636F6C6F72223A227768697465227D5D270A202020202D20275B22222C7B2274657874223A22436F6F6C646F776E20203A20302E37352073222C226974616C6963223A66616C73652C22636F6C6F72223A227768697465227D5D270A202020202D20275B22222C7B2274657874223A2247757374203A2035222C226974616C6963223A66616C73652C22636F6C6F72223A227768697465227D5D270A
minijeu::9a887d64-af45-4c7b-8072-e7a9c63be1f5.money, long, 0000000000000042
minijeu::9a887d64-af45-4c7b-8072-e7a9c63be1f5.odin, boolean, 01
minijeu::9a887d64-af45-4c7b-8072-e7a9c63be1f5.odin.aiming, boolean, 00
minijeu::9a887d64-af45-4c7b-8072-e7a9c63be1f5.odin.bullets, long, 0000000000000064
minijeu::9a887d64-af45-4c7b-8072-e7a9c63be1f5.odin.cooldown, boolean, 01
minijeu::9a887d64-af45-4c7b-8072-e7a9c63be1f5.odin.reloading, boolean, 00
minijeu::9a887d64-af45-4c7b-8072-e7a9c63be1f5.odin.shooting, boolean, 00
minijeu::9a887d64-af45-4c7b-8072-e7a9c63be1f5.oldmainitem, itemstack, 810576616C756520804776616C75653A0A20203D3D3A206F72672E62756B6B69742E696E76656E746F72792E4974656D537461636B0A2020763A20333333370A2020747970653A20534E4F5742414C4C0A
minijeu::9a887d64-af45-4c7b-8072-e7a9c63be1f5.operator, boolean, 01
minijeu::9a887d64-af45-4c7b-8072-e7a9c63be1f5.operator.aiming, boolean, 01
minijeu::9a887d64-af45-4c7b-8072-e7a9c63be1f5.operator.bullets, long, 0000000000000005
minijeu::9a887d64-af45-4c7b-8072-e7a9c63be1f5.operator.cooldown, boolean, 01
minijeu::9a887d64-af45-4c7b-8072-e7a9c63be1f5.operator.reloading, boolean, 00
minijeu::9a887d64-af45-4c7b-8072-e7a9c63be1f5.simple_arrow, boolean, 01
minijeu::9a887d64-af45-4c7b-8072-e7a9c63be1f5.togglescoreboard, boolean, 01
minijeu::9a887d64-af45-4c7b-8072-e7a9c63be1f5.wanttostart, boolean, 00
minijeu::40bb44ce-efde-32ee-b166-3bf2557c5ff3.money, long, 0000000000000000
minijeu::40bb44ce-efde-32ee-b166-3bf2557c5ff3.simple_arrow, boolean, 01
minijeu::40bb44ce-efde-32ee-b166-3bf2557c5ff3.togglescoreboard, boolean, 01
minijeu::40bb44ce-efde-32ee-b166-3bf2557c5ff3.wanttostart, boolean, 00
minijeu::73be503f-115f-4986-999e-0d11b988cc30.alive, boolean, 00
minijeu::73be503f-115f-4986-999e-0d11b988cc30.bulldog.aiming, boolean, 00
minijeu::73be503f-115f-4986-999e-0d11b988cc30.bulldog.bullets, long, 0000000000000018
minijeu::73be503f-115f-4986-999e-0d11b988cc30.bulldog.cooldown, boolean, 01
minijeu::73be503f-115f-4986-999e-0d11b988cc30.bulldog.reloading, boolean, 00
minijeu::73be503f-115f-4986-999e-0d11b988cc30.ghost.aiming, boolean, 00
minijeu::73be503f-115f-4986-999e-0d11b988cc30.ghost.bullets, long, 000000000000000F
minijeu::73be503f-115f-4986-999e-0d11b988cc30.ghost.cooldown, boolean, 01
minijeu::73be503f-115f-4986-999e-0d11b988cc30.ghost.reloading, boolean, 00
minijeu::73be503f-115f-4986-999e-0d11b988cc30.kills.round.3, long, 0000000000000001
minijeu::73be503f-115f-4986-999e-0d11b988cc30.kills.round.4, long, 0000000000000001
minijeu::73be503f-115f-4986-999e-0d11b988cc30.kills.round.6, long, 0000000000000001
minijeu::73be503f-115f-4986-999e-0d11b988cc30.kills.round.7, long, 0000000000000001
minijeu::73be503f-115f-4986-999e-0d11b988cc30.kills.round.8, long, 0000000000000001
minijeu::73be503f-115f-4986-999e-0d11b988cc30.kills.round.14, long, 0000000000000002
minijeu::73be503f-115f-4986-999e-0d11b988cc30.kills.round.15, long, 0000000000000001
minijeu::73be503f-115f-4986-999e-0d11b988cc30.kills.round.18, long, 0000000000000001
minijeu::73be503f-115f-4986-999e-0d11b988cc30.kills.round.20, long, 0000000000000001
minijeu::73be503f-115f-4986-999e-0d11b988cc30.kills.round.21, long, 0000000000000001
minijeu::73be503f-115f-4986-999e-0d11b988cc30.kills.round.22, long, 0000000000000001
minijeu::73be503f-115f-4986-999e-0d11b988cc30.kills.round.24, long, 0000000000000001
minijeu::73be503f-115f-4986-999e-0d11b988cc30.kills.round.28, long, 0000000000000001
minijeu::73be503f-115f-4986-999e-0d11b988cc30.kills.round.30, long, 0000000000000001
minijeu::73be503f-115f-4986-999e-0d11b988cc30.kills.round.38, long, 0000000000000001
minijeu::73be503f-115f-4986-999e-0d11b988cc30.kills.round.39, long, 0000000000000001
minijeu::73be503f-115f-4986-999e-0d11b988cc30.kills.round.40, long, 0000000000000001
minijeu::73be503f-115f-4986-999e-0d11b988cc30.kills.round.42, long, 0000000000000001
minijeu::73be503f-115f-4986-999e-0d11b988cc30.kills.round.44, long, 0000000000000001
minijeu::73be503f-115f-4986-999e-0d11b988cc30.kills.round.47, long, 0000000000000001
minijeu::73be503f-115f-4986-999e-0d11b988cc30.kills.round.50, long, 0000000000000002
minijeu::73be503f-115f-4986-999e-0d11b988cc30.kills.round.54, long, 0000000000000001
minijeu::73be503f-115f-4986-999e-0d11b988cc30.kills.total, long, 0000000000000018
minijeu::73be503f-115f-4986-999e-0d11b988cc30.money, long, 000000000000001E
minijeu::73be503f-115f-4986-999e-0d11b988cc30.odin.aiming, boolean, 00
minijeu::73be503f-115f-4986-999e-0d11b988cc30.odin.bullets, long, 0000000000000064
minijeu::73be503f-115f-4986-999e-0d11b988cc30.odin.cooldown, boolean, 01
minijeu::73be503f-115f-4986-999e-0d11b988cc30.odin.reloading, boolean, 00
minijeu::73be503f-115f-4986-999e-0d11b988cc30.odin.shooting, boolean, 00
minijeu::73be503f-115f-4986-999e-0d11b988cc30.operator.aiming, boolean, 00
minijeu::73be503f-115f-4986-999e-0d11b988cc30.operator.bullets, long, 0000000000000005
minijeu::73be503f-115f-4986-999e-0d11b988cc30.operator.cooldown, boolean, 01
minijeu::73be503f-115f-4986-999e-0d11b988cc30.operator.reloading, boolean, 00
minijeu::73be503f-115f-4986-999e-0d11b988cc30.togglescoreboard, boolean, 01
minijeu::73be503f-115f-4986-999e-0d11b988cc30.wanttostart, boolean, 00
minijeu::626fe395-c2f5-42ff-a310-fa861deeaf01.alive, boolean, 00
minijeu::626fe395-c2f5-42ff-a310-fa861deeaf01.bulldog.aiming, boolean, 00
minijeu::626fe395-c2f5-42ff-a310-fa861deeaf01.bulldog.bullets, long, 0000000000000018
minijeu::626fe395-c2f5-42ff-a310-fa861deeaf01.bulldog.cooldown, boolean, 01
minijeu::626fe395-c2f5-42ff-a310-fa861deeaf01.bulldog.reloading, boolean, 00
minijeu::626fe395-c2f5-42ff-a310-fa861deeaf01.ghost.aiming, boolean, 00
minijeu::626fe395-c2f5-42ff-a310-fa861deeaf01.ghost.bullets, long, 000000000000000F
minijeu::626fe395-c2f5-42ff-a310-fa861deeaf01.ghost.cooldown, boolean, 01
minijeu::626fe395-c2f5-42ff-a310-fa861deeaf01.ghost.reloading, boolean, 00
minijeu::626fe395-c2f5-42ff-a310-fa861deeaf01.kills.round.1, long, 0000000000000002
minijeu::626fe395-c2f5-42ff-a310-fa861deeaf01.kills.round.2, long, 0000000000000002
minijeu::626fe395-c2f5-42ff-a310-fa861deeaf01.kills.round.3, long, 0000000000000001
minijeu::626fe395-c2f5-42ff-a310-fa861deeaf01.kills.round.4, long, 0000000000000001
minijeu::626fe395-c2f5-42ff-a310-fa861deeaf01.kills.round.5, long, 0000000000000003
minijeu::626fe395-c2f5-42ff-a310-fa861deeaf01.kills.round.6, long, 0000000000000003
minijeu::626fe395-c2f5-42ff-a310-fa861deeaf01.kills.round.7, long, 0000000000000002
minijeu::626fe395-c2f5-42ff-a310-fa861deeaf01.kills.round.8, long, 0000000000000002
minijeu::626fe395-c2f5-42ff-a310-fa861deeaf01.kills.round.9, long, 0000000000000003
minijeu::626fe395-c2f5-42ff-a310-fa861deeaf01.kills.round.12, long, 0000000000000002
minijeu::626fe395-c2f5-42ff-a310-fa861deeaf01.kills.round.13, long, 0000000000000003
minijeu::626fe395-c2f5-42ff-a310-fa861deeaf01.kills.round.14, long, 0000000000000002
minijeu::626fe395-c2f5-42ff-a310-fa861deeaf01.kills.round.15, long, 0000000000000002
minijeu::626fe395-c2f5-42ff-a310-fa861deeaf01.kills.round.17, long, 0000000000000003
minijeu::626fe395-c2f5-42ff-a310-fa861deeaf01.kills.round.18, long, 0000000000000002
minijeu::626fe395-c2f5-42ff-a310-fa861deeaf01.kills.round.19, long, 0000000000000002
minijeu::626fe395-c2f5-42ff-a310-fa861deeaf01.kills.round.20, long, 0000000000000002
minijeu::626fe395-c2f5-42ff-a310-fa861deeaf01.kills.round.21, long, 0000000000000006
minijeu::626fe395-c2f5-42ff-a310-fa861deeaf01.kills.round.22, long, 0000000000000003
minijeu::626fe395-c2f5-42ff-a310-fa861deeaf01.kills.round.23, long, 0000000000000002
minijeu::626fe395-c2f5-42ff-a310-fa861deeaf01.kills.round.24, long, 0000000000000001
minijeu::626fe395-c2f5-42ff-a310-fa861deeaf01.kills.round.25, long, 0000000000000002
minijeu::626fe395-c2f5-42ff-a310-fa861deeaf01.kills.round.27, long, 0000000000000002
minijeu::626fe395-c2f5-42ff-a310-fa861deeaf01.kills.round.28, long, 0000000000000002
minijeu::626fe395-c2f5-42ff-a310-fa861deeaf01.kills.round.29, long, 0000000000000003
minijeu::626fe395-c2f5-42ff-a310-fa861deeaf01.kills.round.30, long, 0000000000000003
minijeu::626fe395-c2f5-42ff-a310-fa861deeaf01.kills.round.31, long, 0000000000000001
minijeu::626fe395-c2f5-42ff-a310-fa861deeaf01.kills.round.32, long, 0000000000000002
minijeu::626fe395-c2f5-42ff-a310-fa861deeaf01.kills.round.33, long, 0000000000000002
minijeu::626fe395-c2f5-42ff-a310-fa861deeaf01.kills.round.34, long, 0000000000000002
minijeu::626fe395-c2f5-42ff-a310-fa861deeaf01.kills.round.35, long, 0000000000000001
minijeu::626fe395-c2f5-42ff-a310-fa861deeaf01.kills.round.36, long, 0000000000000002
minijeu::626fe395-c2f5-42ff-a310-fa861deeaf01.kills.round.37, long, 0000000000000003
minijeu::626fe395-c2f5-42ff-a310-fa861deeaf01.kills.round.38, long, 0000000000000001
minijeu::626fe395-c2f5-42ff-a310-fa861deeaf01.kills.round.39, long, 0000000000000001
minijeu::626fe395-c2f5-42ff-a310-fa861deeaf01.kills.round.41, long, 0000000000000003
minijeu::626fe395-c2f5-42ff-a310-fa861deeaf01.kills.round.42, long, 0000000000000002
minijeu::626fe395-c2f5-42ff-a310-fa861deeaf01.kills.round.43, long, 0000000000000002
minijeu::626fe395-c2f5-42ff-a310-fa861deeaf01.kills.round.44, long, 0000000000000002
minijeu::626fe395-c2f5-42ff-a310-fa861deeaf01.kills.round.45, long, 0000000000000002
minijeu::626fe395-c2f5-42ff-a310-fa861deeaf01.kills.round.46, long, 0000000000000002
minijeu::626fe395-c2f5-42ff-a310-fa861deeaf01.kills.round.47, long, 0000000000000001
minijeu::626fe395-c2f5-42ff-a310-fa861deeaf01.kills.round.48, long, 0000000000000002
minijeu::626fe395-c2f5-42ff-a310-fa861deeaf01.kills.round.50, long, 0000000000000002
minijeu::626fe395-c2f5-42ff-a310-fa861deeaf01.kills.round.51, long, 0000000000000002
minijeu::626fe395-c2f5-42ff-a310-fa861deeaf01.kills.round.52, long, 0000000000000001
minijeu::626fe395-c2f5-42ff-a310-fa861deeaf01.kills.round.53, long, 0000000000000002
minijeu::626fe395-c2f5-42ff-a310-fa861deeaf01.kills.round.54, long, 0000000000000002
minijeu::626fe395-c2f5-42ff-a310-fa861deeaf01.kills.round.55, long, 0000000000000001
minijeu::626fe395-c2f5-42ff-a310-fa861deeaf01.kills.round.57, long, 0000000000000001
minijeu::626fe395-c2f5-42ff-a310-fa861deeaf01.kills.round.65, long, 0000000000000001
minijeu::626fe395-c2f5-42ff-a310-fa861deeaf01.kills.total, long, 0000000000000035
minijeu::626fe395-c2f5-42ff-a310-fa861deeaf01.money, long, 000000000000003C
minijeu::626fe395-c2f5-42ff-a310-fa861deeaf01.odin.aiming, boolean, 00
minijeu::626fe395-c2f5-42ff-a310-fa861deeaf01.odin.bullets, long, 0000000000000064
minijeu::626fe395-c2f5-42ff-a310-fa861deeaf01.odin.cooldown, boolean, 01
minijeu::626fe395-c2f5-42ff-a310-fa861deeaf01.odin.reloading, boolean, 00
minijeu::626fe395-c2f5-42ff-a310-fa861deeaf01.odin.shooting, boolean, 00
minijeu::626fe395-c2f5-42ff-a310-fa861deeaf01.operator.aiming, boolean, 00
minijeu::626fe395-c2f5-42ff-a310-fa861deeaf01.operator.bullets, long, 0000000000000005
minijeu::626fe395-c2f5-42ff-a310-fa861deeaf01.operator.cooldown, boolean, 01
minijeu::626fe395-c2f5-42ff-a310-fa861deeaf01.operator.reloading, boolean, 00
minijeu::626fe395-c2f5-42ff-a310-fa861deeaf01.togglescoreboard, boolean, 01
minijeu::626fe395-c2f5-42ff-a310-fa861deeaf01.wanttostart, boolean, 00
minijeu::5792af6d-5024-30e3-9e28-1e72052b9fcc.bulldog.bullets, long, 0000000000000010
minijeu::5792af6d-5024-30e3-9e28-1e72052b9fcc.bulldog.cooldown, boolean, 01
minijeu::5792af6d-5024-30e3-9e28-1e72052b9fcc.bulldog.reloading, boolean, 00
minijeu::5792af6d-5024-30e3-9e28-1e72052b9fcc.ghost.bullets, long, 0000000000000005
minijeu::5792af6d-5024-30e3-9e28-1e72052b9fcc.ghost.cooldown, boolean, 01
minijeu::5792af6d-5024-30e3-9e28-1e72052b9fcc.ghost.reloading, boolean, 00
minijeu::5792af6d-5024-30e3-9e28-1e72052b9fcc.kills.total, long, 0000000000000000
minijeu::5792af6d-5024-30e3-9e28-1e72052b9fcc.money, long, 0000000000000000
minijeu::5792af6d-5024-30e3-9e28-1e72052b9fcc.odin.bullets, long, 000000000000004A
minijeu::5792af6d-5024-30e3-9e28-1e72052b9fcc.odin.cooldown, boolean, 01
minijeu::5792af6d-5024-30e3-9e28-1e72052b9fcc.odin.reloading, boolean, 00
minijeu::5792af6d-5024-30e3-9e28-1e72052b9fcc.operator.bullets, long, 0000000000000002
minijeu::5792af6d-5024-30e3-9e28-1e72052b9fcc.operator.cooldown, boolean, 01
minijeu::5792af6d-5024-30e3-9e28-1e72052b9fcc.operator.reloading, boolean, 00
minijeu::5792af6d-5024-30e3-9e28-1e72052b9fcc.simple_arrow, boolean, 01
minijeu::5792af6d-5024-30e3-9e28-1e72052b9fcc.togglescoreboard, boolean, 01
minijeu::5792af6d-5024-30e3-9e28-1e72052b9fcc.wanttostart, boolean, 00
minijeu::<none>.kills.round.1, long, 0000000000000000
minijeu::<none>.kills.round.2, long, 0000000000000000
minijeu::<none>.kills.round.3, long, 0000000000000000
minijeu::<none>.kills.round.4, long, 0000000000000000
minijeu::<none>.kills.round.5, long, 0000000000000000
minijeu::<none>.kills.round.6, long, 0000000000000000
minijeu::<none>.kills.round.7, long, 0000000000000000
minijeu::<none>.kills.round.8, long, 0000000000000000
minijeu::<none>.kills.round.9, long, 0000000000000000
minijeu::<none>.kills.round.10, long, 0000000000000000
minijeu::<none>.kills.round.11, long, 0000000000000000
minijeu::<none>.kills.round.12, long, 0000000000000000
minijeu::<none>.kills.round.13, long, 0000000000000000
minijeu::<none>.kills.round.14, long, 0000000000000000
minijeu::<none>.kills.round.15, long, 0000000000000000
minijeu::<none>.kills.round.16, long, 0000000000000000
minijeu::<none>.kills.round.17, long, 0000000000000000
minijeu::<none>.kills.round.18, long, 0000000000000000
minijeu::<none>.kills.round.19, long, 0000000000000000
minijeu::<none>.kills.round.20, long, 0000000000000000
minijeu::<none>.kills.round.21, long, 0000000000000000
minijeu::<none>.kills.round.22, long, 0000000000000000
minijeu::<none>.kills.round.23, long, 0000000000000000
minijeu::<none>.kills.round.24, long, 0000000000000000
minijeu::<none>.kills.round.25, long, 0000000000000000
minijeu::<none>.kills.round.26, long, 0000000000000000
minijeu::<none>.kills.round.27, long, 0000000000000000
minijeu::<none>.kills.round.28, long, 0000000000000000
minijeu::<none>.kills.round.29, long, 0000000000000000
minijeu::<none>.kills.round.30, long, 0000000000000000
minijeu::<none>.kills.round.31, long, 0000000000000000
minijeu::<none>.kills.round.32, long, 0000000000000000
minijeu::<none>.kills.round.33, long, 0000000000000000
minijeu::<none>.kills.round.34, long, 0000000000000000
minijeu::<none>.kills.round.35, long, 0000000000000000
minijeu::<none>.kills.round.36, long, 0000000000000000
minijeu::<none>.kills.round.37, long, 0000000000000000
minijeu::<none>.kills.round.38, long, 0000000000000000
minijeu::<none>.kills.round.39, long, 0000000000000000
minijeu::<none>.kills.round.40, long, 0000000000000000
minijeu::<none>.kills.round.41, long, 0000000000000000
minijeu::<none>.kills.round.42, long, 0000000000000000
minijeu::<none>.kills.round.43, long, 0000000000000000
minijeu::<none>.kills.round.44, long, 0000000000000000
minijeu::<none>.kills.round.45, long, 0000000000000000
minijeu::<none>.kills.round.46, long, 0000000000000000
minijeu::<none>.kills.round.47, long, 0000000000000000
minijeu::<none>.kills.round.48, long, 0000000000000000
minijeu::<none>.kills.round.49, long, 0000000000000000
minijeu::<none>.kills.round.50, long, 0000000000000000
minijeu::<none>.kills.round.51, long, 0000000000000000
minijeu::<none>.kills.round.52, long, 0000000000000000
minijeu::<none>.kills.round.53, long, 0000000000000000
minijeu::<none>.kills.round.54, long, 0000000000000000
minijeu::<none>.kills.round.55, long, 0000000000000000
minijeu::<none>.kills.round.56, long, 0000000000000000
minijeu::<none>.kills.round.57, long, 0000000000000000
minijeu::<none>.kills.round.58, long, 0000000000000000
minijeu::<none>.kills.round.59, long, 0000000000000000
minijeu::<none>.kills.round.60, long, 0000000000000000
minijeu::<none>.kills.round.61, long, 0000000000000000
minijeu::<none>.kills.round.62, long, 0000000000000000
minijeu::<none>.kills.round.63, long, 0000000000000000
minijeu::<none>.kills.round.64, long, 0000000000000000
minijeu::<none>.kills.round.65, long, 0000000000000000
minijeu::<none>.kills.round.66, long, 0000000000000000
minijeu::<none>.kills.round.67, long, 0000000000000000
minijeu::<none>.kills.round.68, long, 0000000000000000
minijeu::<none>.kills.round.69, long, 0000000000000000
minijeu::<none>.kills.round.70, long, 0000000000000000
minijeu::<none>.kills.round.71, long, 0000000000000000
minijeu::<none>.kills.round.72, long, 0000000000000000
minijeu::<none>.kills.round.73, long, 0000000000000000
minijeu::<none>.kills.round.74, long, 0000000000000000
minijeu::<none>.kills.round.75, long, 0000000000000000
minijeu::<none>.kills.round.76, long, 0000000000000000
minijeu::<none>.kills.round.77, long, 0000000000000000
minijeu::<none>.kills.round.78, long, 0000000000000000
minijeu::<none>.kills.round.79, long, 0000000000000000
minijeu::<none>.kills.round.80, long, 0000000000000000
minijeu::<none>.kills.round.81, long, 0000000000000000
minijeu::<none>.kills.round.82, long, 0000000000000000
minijeu::<none>.kills.round.83, long, 0000000000000000
minijeu::<none>.kills.round.84, long, 0000000000000000
minijeu::<none>.kills.round.85, long, 0000000000000000
minijeu::<none>.kills.round.87, long, 0000000000000000
minijeu::<none>.kills.round.88, long, 0000000000000000
minijeu::<none>.kills.round.89, long, 0000000000000000
minijeu::<none>.kills.round.90, long, 0000000000000000
minijeu::<none>.kills.round.91, long, 0000000000000000
minijeu::<none>.kills.round.92, long, 0000000000000000
minijeu::<none>.kills.round.93, long, 0000000000000000
minijeu::<none>.kills.round.94, long, 0000000000000000
minijeu::<none>.kills.round.95, long, 0000000000000000
minijeu::<none>.kills.round.96, long, 0000000000000000
minijeu::<none>.kills.round.97, long, 0000000000000000
minijeu::<none>.kills.round.98, long, 0000000000000000
minijeu::<none>.kills.round.99, long, 0000000000000000
minijeu::<none>.kills.round.100, long, 0000000000000000
minijeu::<none>.kills.round.101, long, 0000000000000000
minijeu::<none>.kills.round.102, long, 0000000000000000
minijeu::<none>.kills.round.103, long, 0000000000000000
minijeu::<none>.kills.round.105, long, 0000000000000000
minijeu::<none>.kills.round.106, long, 0000000000000000
minijeu::<none>.kills.round.107, long, 0000000000000000
minijeu::<none>.kills.round.108, long, 0000000000000000
minijeu::<none>.kills.round.109, long, 0000000000000000
minijeu::<none>.kills.round.110, long, 0000000000000000
minijeu::<none>.kills.round.111, long, 0000000000000000
minijeu::<none>.kills.round.112, long, 0000000000000000
minijeu::<none>.kills.round.113, long, 0000000000000000
minijeu::<none>.kills.round.114, long, 0000000000000000
minijeu::<none>.kills.round.116, long, 0000000000000000
minijeu::<none>.kills.round.118, long, 0000000000000000
minijeu::<none>.kills.round.119, long, 0000000000000000
minijeu::<none>.kills.round.120, long, 0000000000000000
minijeu::<none>.kills.round.121, long, 0000000000000000
minijeu::<none>.kills.round.122, long, 0000000000000000
minijeu::<none>.kills.round.123, long, 0000000000000000
minijeu::<none>.kills.round.124, long, 0000000000000000
minijeu::<none>.kills.round.125, long, 0000000000000000
minijeu::<none>.kills.round.126, long, 0000000000000000
minijeu::<none>.kills.total, long, 0000000000000000
minijeu::<none>.money, long, 0000000000000B10
minijeu::blarhos.alive, boolean, 01
minijeu::blarhos.armor.boots, itemstack, 810576616C75652080DC76616C75653A0A20203D3D3A206F72672E62756B6B69742E696E76656E746F72792E4974656D537461636B0A2020763A20333333370A2020747970653A204C4541544845525F424F4F54530A20206D6574613A0A202020203D3D3A204974656D4D6574610A202020206D6574612D747970653A20434F4C4F5241424C455F41524D4F520A20202020636F6C6F723A0A2020202020203D3D3A20436F6C6F720A202020202020414C5048413A203235350A2020202020205245443A203234350A202020202020424C55453A20370A202020202020475245454E3A20300A
minijeu::blarhos.armor.chestplate, itemstack, 810576616C75652080E176616C75653A0A20203D3D3A206F72672E62756B6B69742E696E76656E746F72792E4974656D537461636B0A2020763A20333333370A2020747970653A204C4541544845525F4348455354504C4154450A20206D6574613A0A202020203D3D3A204974656D4D6574610A202020206D6574612D747970653A20434F4C4F5241424C455F41524D4F520A20202020636F6C6F723A0A2020202020203D3D3A20436F6C6F720A202020202020414C5048413A203235350A2020202020205245443A203234350A202020202020424C55453A20370A202020202020475245454E3A20300A
minijeu::blarhos.armor.helmet, itemstack, 810576616C75652080DD76616C75653A0A20203D3D3A206F72672E62756B6B69742E696E76656E746F72792E4974656D537461636B0A2020763A20333333370A2020747970653A204C4541544845525F48454C4D45540A20206D6574613A0A202020203D3D3A204974656D4D6574610A202020206D6574612D747970653A20434F4C4F5241424C455F41524D4F520A20202020636F6C6F723A0A2020202020203D3D3A20436F6C6F720A202020202020414C5048413A203235350A2020202020205245443A203234350A202020202020424C55453A20370A202020202020475245454E3A20300A
minijeu::blarhos.armor.leggings, itemstack, 810576616C756520810276616C75653A0A20203D3D3A206F72672E62756B6B69742E696E76656E746F72792E4974656D537461636B0A2020763A20333333370A2020747970653A204C4541544845525F4C454747494E47530A20206D6574613A0A202020203D3D3A204974656D4D6574610A202020206D6574612D747970653A20434F4C4F5241424C455F41524D4F520A20202020656E6368616E74733A0A20202020202053574946545F534E45414B3A20320A20202020636F6C6F723A0A2020202020203D3D3A20436F6C6F720A202020202020414C5048413A203235350A2020202020205245443A203234350A202020202020424C55453A20370A202020202020475245454E3A20300A
minijeu::blarhos.deathlocation, location, 8605776F726C6480FF0000000181046E616D652080046D617031017809C027CB6999277D450179093FE0000000000000017A09C024C66FFF5541D50570697463680841205EF80379617708C2B99830
minijeu::blarhos.money, long, 0000000000000003
minijeu::cac0f0a1-63b5-4500-9652-7f6e75741dc9.alive, boolean, 00
minijeu::cac0f0a1-63b5-4500-9652-7f6e75741dc9.buldog, boolean, 01
minijeu::cac0f0a1-63b5-4500-9652-7f6e75741dc9.bulldog.aiming, boolean, 00
minijeu::cac0f0a1-63b5-4500-9652-7f6e75741dc9.bulldog.bullets, long, 0000000000000018
minijeu::cac0f0a1-63b5-4500-9652-7f6e75741dc9.bulldog.cooldown, boolean, 01
minijeu::cac0f0a1-63b5-4500-9652-7f6e75741dc9.bulldog.reloading, boolean, 00
minijeu::cac0f0a1-63b5-4500-9652-7f6e75741dc9.classic, boolean, 01
minijeu::cac0f0a1-63b5-4500-9652-7f6e75741dc9.ghost.aiming, boolean, 00
minijeu::cac0f0a1-63b5-4500-9652-7f6e75741dc9.ghost.bullets, long, 000000000000000F
minijeu::cac0f0a1-63b5-4500-9652-7f6e75741dc9.ghost.cooldown, boolean, 01
minijeu::cac0f0a1-63b5-4500-9652-7f6e75741dc9.ghost.reloading, boolean, 00
minijeu::cac0f0a1-63b5-4500-9652-7f6e75741dc9.kills.round.1, long, 0000000000000064
minijeu::cac0f0a1-63b5-4500-9652-7f6e75741dc9.kills.round.2, long, 0000000000000008
minijeu::cac0f0a1-63b5-4500-9652-7f6e75741dc9.kills.round.3, long, 0000000000000006
minijeu::cac0f0a1-63b5-4500-9652-7f6e75741dc9.kills.round.4, long, 0000000000000005
minijeu::cac0f0a1-63b5-4500-9652-7f6e75741dc9.kills.round.5, long, 0000000000000006
minijeu::cac0f0a1-63b5-4500-9652-7f6e75741dc9.kills.round.6, long, 0000000000000004
minijeu::cac0f0a1-63b5-4500-9652-7f6e75741dc9.kills.round.7, long, 0000000000000006
minijeu::cac0f0a1-63b5-4500-9652-7f6e75741dc9.kills.round.8, long, 0000000000000003
minijeu::cac0f0a1-63b5-4500-9652-7f6e75741dc9.kills.round.9, long, 0000000000000004
minijeu::cac0f0a1-63b5-4500-9652-7f6e75741dc9.kills.round.10, long, 0000000000000004
minijeu::cac0f0a1-63b5-4500-9652-7f6e75741dc9.kills.round.11, long, 0000000000000007
minijeu::cac0f0a1-63b5-4500-9652-7f6e75741dc9.kills.round.12, long, 0000000000000004
minijeu::cac0f0a1-63b5-4500-9652-7f6e75741dc9.kills.round.13, long, 0000000000000005
minijeu::cac0f0a1-63b5-4500-9652-7f6e75741dc9.kills.round.14, long, 0000000000000003
minijeu::cac0f0a1-63b5-4500-9652-7f6e75741dc9.kills.round.15, long, 0000000000000005
minijeu::cac0f0a1-63b5-4500-9652-7f6e75741dc9.kills.round.16, long, 0000000000000005
minijeu::cac0f0a1-63b5-4500-9652-7f6e75741dc9.kills.round.17, long, 0000000000000006
minijeu::cac0f0a1-63b5-4500-9652-7f6e75741dc9.kills.round.18, long, 0000000000000004
minijeu::cac0f0a1-63b5-4500-9652-7f6e75741dc9.kills.round.19, long, 0000000000000007
minijeu::cac0f0a1-63b5-4500-9652-7f6e75741dc9.kills.round.20, long, 0000000000000003
minijeu::cac0f0a1-63b5-4500-9652-7f6e75741dc9.kills.round.21, long, 000000000000000B
minijeu::cac0f0a1-63b5-4500-9652-7f6e75741dc9.kills.round.22, long, 0000000000000001
minijeu::cac0f0a1-63b5-4500-9652-7f6e75741dc9.kills.round.23, long, 0000000000000002
minijeu::cac0f0a1-63b5-4500-9652-7f6e75741dc9.kills.round.24, long, 0000000000000004
minijeu::cac0f0a1-63b5-4500-9652-7f6e75741dc9.kills.round.25, long, 0000000000000004
minijeu::cac0f0a1-63b5-4500-9652-7f6e75741dc9.kills.round.26, long, 0000000000000005
minijeu::cac0f0a1-63b5-4500-9652-7f6e75741dc9.kills.round.27, long, 0000000000000003
minijeu::cac0f0a1-63b5-4500-9652-7f6e75741dc9.kills.round.28, long, 0000000000000005
minijeu::cac0f0a1-63b5-4500-9652-7f6e75741dc9.kills.round.29, long, 0000000000000002
minijeu::cac0f0a1-63b5-4500-9652-7f6e75741dc9.kills.round.30, long, 0000000000000003
minijeu::cac0f0a1-63b5-4500-9652-7f6e75741dc9.kills.round.31, long, 0000000000000004
minijeu::cac0f0a1-63b5-4500-9652-7f6e75741dc9.kills.round.32, long, 0000000000000004
minijeu::cac0f0a1-63b5-4500-9652-7f6e75741dc9.kills.round.33, long, 0000000000000003
minijeu::cac0f0a1-63b5-4500-9652-7f6e75741dc9.kills.round.34, long, 0000000000000002
minijeu::cac0f0a1-63b5-4500-9652-7f6e75741dc9.kills.round.35, long, 0000000000000002
minijeu::cac0f0a1-63b5-4500-9652-7f6e75741dc9.kills.round.36, long, 0000000000000002
minijeu::cac0f0a1-63b5-4500-9652-7f6e75741dc9.kills.round.37, long, 0000000000000002
minijeu::cac0f0a1-63b5-4500-9652-7f6e75741dc9.kills.round.38, long, 0000000000000002
minijeu::cac0f0a1-63b5-4500-9652-7f6e75741dc9.kills.round.39, long, 0000000000000003
minijeu::cac0f0a1-63b5-4500-9652-7f6e75741dc9.kills.round.40, long, 0000000000000002
minijeu::cac0f0a1-63b5-4500-9652-7f6e75741dc9.kills.round.41, long, 0000000000000003
minijeu::cac0f0a1-63b5-4500-9652-7f6e75741dc9.kills.round.43, long, 0000000000000001
minijeu::cac0f0a1-63b5-4500-9652-7f6e75741dc9.kills.round.44, long, 0000000000000003
minijeu::cac0f0a1-63b5-4500-9652-7f6e75741dc9.kills.round.45, long, 0000000000000001
minijeu::cac0f0a1-63b5-4500-9652-7f6e75741dc9.kills.round.46, long, 0000000000000002
minijeu::cac0f0a1-63b5-4500-9652-7f6e75741dc9.kills.round.47, long, 0000000000000002
minijeu::cac0f0a1-63b5-4500-9652-7f6e75741dc9.kills.round.48, long, 0000000000000002
minijeu::cac0f0a1-63b5-4500-9652-7f6e75741dc9.kills.round.49, long, 0000000000000002
minijeu::cac0f0a1-63b5-4500-9652-7f6e75741dc9.kills.round.50, long, 0000000000000001
minijeu::cac0f0a1-63b5-4500-9652-7f6e75741dc9.kills.round.51, long, 0000000000000002
minijeu::cac0f0a1-63b5-4500-9652-7f6e75741dc9.kills.round.54, long, 0000000000000001
minijeu::cac0f0a1-63b5-4500-9652-7f6e75741dc9.kills.round.55, long, 0000000000000001
minijeu::cac0f0a1-63b5-4500-9652-7f6e75741dc9.kills.round.56, long, 0000000000000001
minijeu::cac0f0a1-63b5-4500-9652-7f6e75741dc9.kills.round.57, long, 0000000000000001
minijeu::cac0f0a1-63b5-4500-9652-7f6e75741dc9.kills.round.60, long, 0000000000000001
minijeu::cac0f0a1-63b5-4500-9652-7f6e75741dc9.kills.round.62, long, 0000000000000001
minijeu::cac0f0a1-63b5-4500-9652-7f6e75741dc9.kills.round.64, long, 0000000000000001
minijeu::cac0f0a1-63b5-4500-9652-7f6e75741dc9.kills.round.65, long, 0000000000000001
minijeu::cac0f0a1-63b5-4500-9652-7f6e75741dc9.kills.round.66, long, 0000000000000002
minijeu::cac0f0a1-63b5-4500-9652-7f6e75741dc9.kills.round.67, long, 0000000000000001
minijeu::cac0f0a1-63b5-4500-9652-7f6e75741dc9.kills.round.70, long, 0000000000000001
minijeu::cac0f0a1-63b5-4500-9652-7f6e75741dc9.kills.round.71, long, 0000000000000001
minijeu::cac0f0a1-63b5-4500-9652-7f6e75741dc9.kills.round.72, long, 0000000000000001
minijeu::cac0f0a1-63b5-4500-9652-7f6e75741dc9.kills.round.73, long, 0000000000000001
minijeu::cac0f0a1-63b5-4500-9652-7f6e75741dc9.kills.round.74, long, 0000000000000001
minijeu::cac0f0a1-63b5-4500-9652-7f6e75741dc9.kills.round.76, long, 0000000000000001
minijeu::cac0f0a1-63b5-4500-9652-7f6e75741dc9.kills.round.78, long, 0000000000000001
minijeu::cac0f0a1-63b5-4500-9652-7f6e75741dc9.kills.round.80, long, 0000000000000001
minijeu::cac0f0a1-63b5-4500-9652-7f6e75741dc9.kills.round.81, long, 0000000000000001
minijeu::cac0f0a1-63b5-4500-9652-7f6e75741dc9.kills.round.83, long, 0000000000000001
minijeu::cac0f0a1-63b5-4500-9652-7f6e75741dc9.kills.round.84, long, 0000000000000001
minijeu::cac0f0a1-63b5-4500-9652-7f6e75741dc9.kills.round.89, long, 0000000000000001
minijeu::cac0f0a1-63b5-4500-9652-7f6e75741dc9.kills.round.91, long, 0000000000000001
minijeu::cac0f0a1-63b5-4500-9652-7f6e75741dc9.kills.round.95, long, 0000000000000001
minijeu::cac0f0a1-63b5-4500-9652-7f6e75741dc9.kills.round.98, long, 0000000000000001
minijeu::cac0f0a1-63b5-4500-9652-7f6e75741dc9.kills.round.100, long, 0000000000000001
minijeu::cac0f0a1-63b5-4500-9652-7f6e75741dc9.kills.round.101, long, 0000000000000001
minijeu::cac0f0a1-63b5-4500-9652-7f6e75741dc9.kills.round.102, long, 0000000000000001
minijeu::cac0f0a1-63b5-4500-9652-7f6e75741dc9.kills.round.104, long, 0000000000000001
minijeu::cac0f0a1-63b5-4500-9652-7f6e75741dc9.kills.round.105, long, 0000000000000001
minijeu::cac0f0a1-63b5-4500-9652-7f6e75741dc9.kills.round.106, long, 0000000000000001
minijeu::cac0f0a1-63b5-4500-9652-7f6e75741dc9.kills.round.107, long, 0000000000000001
minijeu::cac0f0a1-63b5-4500-9652-7f6e75741dc9.kills.round.109, long, 0000000000000001
minijeu::cac0f0a1-63b5-4500-9652-7f6e75741dc9.kills.round.113, long, 0000000000000001
minijeu::cac0f0a1-63b5-4500-9652-7f6e75741dc9.kills.round.115, long, 0000000000000001
minijeu::cac0f0a1-63b5-4500-9652-7f6e75741dc9.kills.round.117, long, 0000000000000001
minijeu::cac0f0a1-63b5-4500-9652-7f6e75741dc9.kills.round.118, long, 0000000000000001
minijeu::cac0f0a1-63b5-4500-9652-7f6e75741dc9.kills.round.119, long, 0000000000000001
minijeu::cac0f0a1-63b5-4500-9652-7f6e75741dc9.kills.round.120, long, 0000000000000001
minijeu::cac0f0a1-63b5-4500-9652-7f6e75741dc9.kills.round.121, long, 0000000000000001
minijeu::cac0f0a1-63b5-4500-9652-7f6e75741dc9.kills.round.124, long, 0000000000000001
minijeu::cac0f0a1-63b5-4500-9652-7f6e75741dc9.kills.round.126, long, 0000000000000006
minijeu::cac0f0a1-63b5-4500-9652-7f6e75741dc9.kills.total, long, 000000000000009D
minijeu::cac0f0a1-63b5-4500-9652-7f6e75741dc9.money, long, 00000000000000E2
minijeu::cac0f0a1-63b5-4500-9652-7f6e75741dc9.odin.aiming, boolean, 00
minijeu::cac0f0a1-63b5-4500-9652-7f6e75741dc9.odin.bullets, long, 0000000000000064
minijeu::cac0f0a1-63b5-4500-9652-7f6e75741dc9.odin.cooldown, boolean, 01
minijeu::cac0f0a1-63b5-4500-9652-7f6e75741dc9.odin.reloading, boolean, 00
minijeu::cac0f0a1-63b5-4500-9652-7f6e75741dc9.odin.shooting, boolean, 00
minijeu::cac0f0a1-63b5-4500-9652-7f6e75741dc9.operator, boolean, 01
minijeu::cac0f0a1-63b5-4500-9652-7f6e75741dc9.operator.aiming, boolean, 00
minijeu::cac0f0a1-63b5-4500-9652-7f6e75741dc9.operator.bullets, long, 0000000000000005
minijeu::cac0f0a1-63b5-4500-9652-7f6e75741dc9.operator.cooldown, boolean, 01
minijeu::cac0f0a1-63b5-4500-9652-7f6e75741dc9.operator.reloading, boolean, 00
minijeu::cac0f0a1-63b5-4500-9652-7f6e75741dc9.simple_arrow, boolean, 01
minijeu::cac0f0a1-63b5-4500-9652-7f6e75741dc9.togglescoreboard, boolean, 01
minijeu::cac0f0a1-63b5-4500-9652-7f6e75741dc9.wanttostart, boolean, 00
minijeu::dranven.alive, boolean, 01
minijeu::gator3000.alive, boolean, 01
minijeu::gator3000.armor.boots, itemstack, 810576616C75652080DE76616C75653A0A20203D3D3A206F72672E62756B6B69742E696E76656E746F72792E4974656D537461636B0A2020763A20333333370A2020747970653A204C4541544845525F424F4F54530A20206D6574613A0A202020203D3D3A204974656D4D6574610A202020206D6574612D747970653A20434F4C4F5241424C455F41524D4F520A20202020636F6C6F723A0A2020202020203D3D3A20436F6C6F720A202020202020414C5048413A203235350A2020202020205245443A2032300A202020202020424C55453A203235350A202020202020475245454E3A2037390A
minijeu::gator3000.armor.chestplate, itemstack, 810576616C75652080E376616C75653A0A20203D3D3A206F72672E62756B6B69742E696E76656E746F72792E4974656D537461636B0A2020763A20333333370A2020747970653A204C4541544845525F4348455354504C4154450A20206D6574613A0A202020203D3D3A204974656D4D6574610A202020206D6574612D747970653A20434F4C4F5241424C455F41524D4F520A20202020636F6C6F723A0A2020202020203D3D3A20436F6C6F720A202020202020414C5048413A203235350A2020202020205245443A2032300A202020202020424C55453A203235350A202020202020475245454E3A2037390A
minijeu::gator3000.armor.helmet, itemstack, 810576616C75652080DF76616C75653A0A20203D3D3A206F72672E62756B6B69742E696E76656E746F72792E4974656D537461636B0A2020763A20333333370A2020747970653A204C4541544845525F48454C4D45540A20206D6574613A0A202020203D3D3A204974656D4D6574610A202020206D6574612D747970653A20434F4C4F5241424C455F41524D4F520A20202020636F6C6F723A0A2020202020203D3D3A20436F6C6F720A202020202020414C5048413A203235350A2020202020205245443A2032300A202020202020424C55453A203235350A202020202020475245454E3A2037390A
minijeu::gator3000.armor.leggings, itemstack, 810576616C756520810476616C75653A0A20203D3D3A206F72672E62756B6B69742E696E76656E746F72792E4974656D537461636B0A2020763A20333333370A2020747970653A204C4541544845525F4C454747494E47530A20206D6574613A0A202020203D3D3A204974656D4D6574610A202020206D6574612D747970653A20434F4C4F5241424C455F41524D4F520A20202020656E6368616E74733A0A20202020202053574946545F534E45414B3A20320A20202020636F6C6F723A0A2020202020203D3D3A20436F6C6F720A202020202020414C5048413A203235350A2020202020205245443A2032300A202020202020424C55453A203235350A202020202020475245454E3A2037390A
minijeu::gator3000.deathlocation, location, 8605776F726C6480FF0000000181046E616D652080046D6170300178094042E105E9A854650179093FF0000000000000017A093FD8653F831B349A0570697463680842B40000037961770841E19988
minijeu::gator3000.money, long, 0000000000000006
minijeu::nilsdesrev.alive, boolean, 01
minijeu::nilsdesrev.armor.boots, itemstack, 810576616C75652080DE76616C75653A0A20203D3D3A206F72672E62756B6B69742E696E76656E746F72792E4974656D537461636B0A2020763A20333333370A2020747970653A204C4541544845525F424F4F54530A20206D6574613A0A202020203D3D3A204974656D4D6574610A202020206D6574612D747970653A20434F4C4F5241424C455F41524D4F520A20202020636F6C6F723A0A2020202020203D3D3A20436F6C6F720A202020202020414C5048413A203235350A2020202020205245443A2032300A202020202020424C55453A203235350A202020202020475245454E3A2037390A
minijeu::nilsdesrev.armor.chestplate, itemstack, 810576616C75652080E376616C75653A0A20203D3D3A206F72672E62756B6B69742E696E76656E746F72792E4974656D537461636B0A2020763A20333333370A2020747970653A204C4541544845525F4348455354504C4154450A20206D6574613A0A202020203D3D3A204974656D4D6574610A202020206D6574612D747970653A20434F4C4F5241424C455F41524D4F520A20202020636F6C6F723A0A2020202020203D3D3A20436F6C6F720A202020202020414C5048413A203235350A2020202020205245443A2032300A202020202020424C55453A203235350A202020202020475245454E3A2037390A
minijeu::nilsdesrev.armor.helmet, itemstack, 810576616C75652080DF76616C75653A0A20203D3D3A206F72672E62756B6B69742E696E76656E746F72792E4974656D537461636B0A2020763A20333333370A2020747970653A204C4541544845525F48454C4D45540A20206D6574613A0A202020203D3D3A204974656D4D6574610A202020206D6574612D747970653A20434F4C4F5241424C455F41524D4F520A20202020636F6C6F723A0A2020202020203D3D3A20436F6C6F720A202020202020414C5048413A203235350A2020202020205245443A2032300A202020202020424C55453A203235350A202020202020475245454E3A2037390A
minijeu::nilsdesrev.armor.leggings, itemstack, 810576616C756520810476616C75653A0A20203D3D3A206F72672E62756B6B69742E696E76656E746F72792E4974656D537461636B0A2020763A20333333370A2020747970653A204C4541544845525F4C454747494E47530A20206D6574613A0A202020203D3D3A204974656D4D6574610A202020206D6574612D747970653A20434F4C4F5241424C455F41524D4F520A20202020656E6368616E74733A0A20202020202053574946545F534E45414B3A20320A20202020636F6C6F723A0A2020202020203D3D3A20436F6C6F720A202020202020414C5048413A203235350A2020202020205245443A2032300A202020202020424C55453A203235350A202020202020475245454E3A2037390A
minijeu::nilsdesrev.deathlocation, location, 8605776F726C6480FF0000000181046E616D652080046D617031017809401D5EECC62DCED9017909BFA8FC50C5AEE658017A09C035B3333300000005706974636808C1BFF328037961770842BFF3D0
morts.bleue, long, 0000000000000000
morts.blue, long, 0000000000000000
morts.red, long, 0000000000000000
morts.rouge, long, 0000000000000000
mymotd, string, 806A4120C2A7624DC2A73269C2A7626EC2A73265C2A76263C2A73272C2A76261C2A73266C2A76274C2A772205820C2A76356C2A76561C2A7636CC2A7656FC2A76372C2A76561C2A7636EC2A76574C2A7392064697374616E636520505650312E39C2A772207365727665720A
"nilsdesrev and gator3000.alive", boolean, 01
nilsdesrev.alive, boolean, 01
nilsdesrev.money, long, 0000000000000002
nombre.bleue, long, 0000000000000001
nombre.blue, long, 0000000000000002
nombre.red, long, 0000000000000002
nombre.rouge, long, 0000000000000001
rouge::1, offlineplayer, 810475756964800455554944820C6C656173745369674269747304A310FA861DEEAF010B6D6F73745369674269747304626FE395C2F542FF
round, long, 0000000000000037
score.bleue, long, 0000000000000002
score.blue, long, 0000000000000022
score.red, long, 0000000000000012
score.rouge, long, 000000000000000C
shoplenght, long, 0000000000000000
smokeinmap, boolean, 00
weqof.alive, boolean, 00
weqof.money, long, 0000000000000006
x1, double, 4041C00000000000
x1b, double, 4059D33333333333
x1r, double, 4063166666666666
x2b, double, 4044266666666666
x2r, double, 40566CCCCCCCCCCD
xblue, double, 4041C00000000000
xred, double, C041400000000000
y, long, 0000000000000004
yallteams, long, 0000000000000057
z1, double, C033800000000000
z1b, double, C053ACCCCCCCCCCD
z1r, double, BFE6666666666666
z2b, double, C053ACCCCCCCCCCD
z2r, double, 3FE6666666666666
zblue, double, C033800000000000
zred, double, 4034800000000000

